50,50
11111111111111111111111111111111111111111111111111
11111111111111111111111111111111111111111111111111
11111111111111111111111111111111111111111111111111
11111111111111111111111111111111111111111111111111
11111111111111111111111111111111111111111111111111
11111111111111111111111111111111111111111111111111
11111111111111111111111111111111111111111111111111
11111111111111111133333311111111000111111111111111
11111111111111113333333333111100000000111111111111
11111111111111133333333333311000000000011111111111
11111111111111333333333333331000000000001111111111
11111111111113333333311111111000000000001111111111
11111111111133333331133333333101111111110111111111
11111111111133333313333331111110000000000001111111
11111111111333333333331113333310000111111100111111
11111111111333333333333333333310110000000011011111
11111111113333333333333333111131000000000000001111
11111111333333333333333333333331000000000000001111
11111113333333333333333333111111000000000000001111
11111113333333333133111111000000111111111111111111
11111133333333333311000001101000100000001101000111
11111133333333333333110011111100100000011111101111
11111333333333333333331110011101000000010011111111
11111333333333333333333311111111111111111111111111
11113333333333333333333333333331333333333331111111
11113333333333333333333333333113313333333311111111
11133333333333333333333333311333331111111111111111
11133333333333333333333311133333333333333311111111
11133333333333333333333333333333333333333331111111
11133333333333333333333333333333333333333331111111
11133333333333333333333333333333333333333333111111
11133333333333333333333333333333333333333333111111
11133333333333333311111111333333333333333331111111
11133333333333333100000000111333333333331110011111
11133333333333333100111110000111111111110000011111
11113333333333333100000001110000000000000111111111
11113333333333333311100000011111111111111001111111
11111333333333333333311111000000000000000001111111
11111133333333333333333333111111111111111111111111
11111111333333333333333333333333333333311111111111
11111100133333333333333333333333333331111111111111
11000000011333333333333333333333333111111111111111
00000000000111133333333333333333311111111111111111
00000000000000133333333333333331111111111111111111
00000000000000011111111111111110011111111111111111
00000000000000000000000000000000000111111111111111
00000000000000000000000000000000000000111111111111
00000000000000000000000000000000000000001111111111
00000000000000000000000000000000000000000111111111
00000000000000000000000000000000000000000111111111
