50,50
11111111111111111111111111111111111111111111111111
11111111111111111111111111111111111111111111111111
11111111111111111111111111111111111111111111111111
11111111111111111111111111111111111111111111111111
11111111111111111111111111111111111111111111111111
11111111111111111111111111111111111111111111111111
11111111111111111111111111111111111111111111111111
11111111111111111111111111111111000111111111111111
11111111111111111111111111111100000000111111111111
11111111111111111111111111111000000000011111111111
11111111111111111111111111111000000000001111111111
11111111111111111111111111111000000000001111111111
11111111111111111111111111111101111111110111111111
11111111111111111111111111111110000000000001111111
11111111111111111111111111111110000111111100111111
11111111111111111111111111111110110000000011011111
11111111111111111111111111111111000000000000001111
11111111111111111111111111111111000000000000001111
11111111111111111111111111111111000000000000001111
11111111111111111111111111000000111111111111111111
11111111111111111111000001101000100000001101000111
11111111111111111111110011111100100000011111101111
11111111111111111111111110011101000000010011111111
11111111111111111111111111111111111111111111111111
11111111111111111111111111111111111111111111111111
11111111111111111111111111111111111111111111111111
11111111111111111111111111111111111111111111111111
11111111111111111111111111111111111111111111111111
11111111111111111111111111111111111111111111111111
11111111111111111111111111111111111111111111111111
11111111111111111111111111111111111111111111111111
11111111111111111111111111111111111111111111111111
11111111111111111111111111111111111111111111111111
11111111111111111100000000111111111111111110011111
11111111111111111100111110000111111111110000011111
11111111111111111100000001110000000000000111111111
11111111111111111111100000011111111111111001111111
11111111111111111111111111000000000000000001111111
11111111111111111111111111111111111111111111111111
11111111111111111111111111111111111111111111111111
11111100111111111111111111111111111111111111111111
11000000011111111111111111111111111111111111111111
00000000000111111111111111111111111111111111111111
00000000000000111111111111111111111111111111111111
00000000000000011111111111111110011111111111111111
00000000000000000000000000000000000111111111111111
00000000000000000000000000000000000000111111111111
00000000000000000000000000000000000000001111111111
00000000000000000000000000000000000000000111111111
00000000000000000000000000000000000000000111111111
