50,50
00000000000000000000000000000000000000000000000000
00000000000000000000000000000000000000000000000000
00000000000000000000000000000000000000000000000000
00000000000000000000000000000000000000000000000000
00000000000000000000000000000000000000000000000000
00000000000000000000000000000000000000000000000000
00000000000000000011111100000000111000000000000000
00000000000000001133333311000011000111000000000000
00000000000000013333333333100100000000100000000000
00000000000000133333333333311000000000010000000000
00000000000001333333333333331000000000001000000000
00000000000013333333311111111000000000001000000000
00000000000133333331133333333101111111110110000000
00000000000133333313333331111110000000000001000000
00000000001333333333331113333310000111111100100000
00000000001333333333333333333310110000000011010000
00000000113333333333333333111131000000000000001000
00000001333333333333333333333331000000000000001000
00000013333333333333333333111111000000000000001000
00000013333333333133111111000000111111111111111100
00000133333333333311000001101000100000001101000100
00000133333333333333110011111100100000011111101000
00001333333333333333331110011101000000010011110000
00001333333333333333333311111111111111111111100000
00013333333333333333333333333331333333333331000000
00013333333333333333333333333113313333333310000000
00133333333333333333333333311333331111111100000000
00133333333333333333333311133333333333333310000000
00133333333333333333333333333333333333333331000000
00133333333333333333333333333333333333333331000000
00133333333333333333333333333333333333333333100000
00133333333333333333333333333333333333333333100000
00133333333333333311111111333333333333333331100000
00133333333333333100000000111333333333331110010000
00133333333333333100111110000111111111110000010000
00013333333333333100000001110000000000000111100000
00013333333333333311100000011111111111111001000000
00001333333333333333311111000000000000000001000000
00000133333333333333333333111111111111111110000000
00000011333333333333333333333333333333310000000000
00111100133333333333333333333333333331100000000000
11000000011333333333333333333333333110000000000000
00000000000111133333333333333333311000000000000000
00000000000000133333333333333331100000000000000000
00000000000000011111111111111110011000000000000000
00000000000000000000000000000000000111000000000000
00000000000000000000000000000000000000110000000000
00000000000000000000000000000000000000001000000000
00000000000000000000000000000000000000000100000000
00000000000000000000000000000000000000000110000000
