50,50
55555555555555555555555555555555555555555555555555
55555555555555555555555555555555555555555555555555
55555555555555555555555555555555555555555555555555
55555555555555555555555555555555555555555555555555
55555555555555555555555555555555555555555555555555
55555555555555555555555555555555555555555555555555
55555555555555555555555555555555555555555555555555
55555555555555555555555555555555555555555555555555
55555555555555555555555555555555555555555555555555
55555555555555555555555555555555555555555555555555
55555555555555555555555555555555555555555555555555
55555555555555555555511111111155555555555555555555
55555555555555555511100000000011155555555555555555
55555555555555551100000000000000011555555555555555
55555555555555510000000000000000000155555555555555
55555555555555100000000000000000000015555555555555
55555555555551000000000000000000000001555555555555
55555555555510000000000000000000000000155555555555
55555555555510000000000000000000000000155555555555
55555555555100000000000000000000000000015555555555
55555555555100000000000000000000000000015555555555
55555555555100000111110000000111110000015555555555
55555555555100011111111100011111111100015555555555
55555555555100111111111100011111111110015555555555
55555555555100111110011100011100111110015555555555
55555555555100111110011000001100111110015555555555
55555555555510011111101011101011111100155555555555
55555555555510000000010011100100000000155555555555
55555555555551000011100111110011100001555555555555
55555555555551000000000111110000000001555555555555
55555555555510000100000000000000010000155555555555
55555555555510001100000000000000011000155555555555
55555555555510011111000000000001111100155555555555
55555555555510000100111111111110010000155555555555
55555555555551000100100100010010010001555555555555
55555555555551000010100100010010100001555555555555
55555555555555100001111111111111000015555555555555
55555555555555511000000000000000001155555555555555
55555555555555555111111111111111115555555555555555
55555555555555555555555555555555555555555555555555
55555555555555555555555555555555555555555555555555
55555555555555555555555555555555555555555555555555
55555555555555555555555555555555555555555555555555
55555555555555555555555555555555555555555555555555
55555555555555555555555555555555555555555555555555
55555555555555555555555555555555555555555555555555
55555555555555555555555555555555555555555555555555
55555555555555555555555555555555555555555555555555
55555555555555555555555555555555555555555555555555
55555555555555555555555555555555555555555555555555
